0108190639132      185
0109199779272      412
0111190972411      285
0113198627989      153
0114190634333      424
0119192070377      101
0121196592908      388
0125196089335      362
0126191804397      450
0128190678005      348
0132195038994      336
0132197162219      384
0133192771517      222
0134194611152        7
0135199367113      371
0135199667938      170
0138195285035      477
0138199698126      196
0139191474994      405
0142198287324      392
0143193977163      355
0145198849836      138
0145199025067      294
0147190587563      368
0147198639139      455
0150197387383      293
0202197236479       23
0203191755973      344
0203196890728       65
0207191717020      461
0213195848061      230
0219193893254       96
0221198488203      109
0222194487437      108
0222195097974      319
0223192718659      414
0223198363469      177
0224198467763      183
0228199177028      360
0229194711293      297
0230191783520      447
0239191655049       61
0239195399935       92
0241190042060      308
0242197676635      190
0246196088766      118
0246199134184      216
0249197776516      115
0303192253287      163
0303194631954      485
0303198103421      286
0304199719975      469
0306193474966      156
0306193510121      464
0306198081785      420
0316196405715      432
0317190119912       29
0317190980567      422
0322197880615      363
0325195302534      426
0325198527944      302
0328190407649       93
0329199310804       17
0331191178467      174
0331192860428      236
0332191030213      296
0333194679278       94
0337190216415      462
0338194695282      224
0341195054038       38
0341198466824      493
0341198857782      306
0342198890124      146
0346194166457      258
0348196458582       54
0403197765160       15
0408194514519      261
0410191940307      394
0412190548029      100
0420199164814      391
0423196194217      409
0425190999098      316
0425196070421      209
0426198350409      490
0427194558357      495
0430193076969      264
0437195513283      172
0442196906450       12
0445196509996      480
0449190279577      241
0501192361646      168
0504198832168      157
0505191830194      145
0506191455201       24
0506198382011      234
0507194065940      262
0508191519592       63
0513197536369      415
0518199555721      417
0522197459558      365
0525194521381      373
0529191558478      402
0529198043323      243
0530196616755      239
0531192272041      353
0535193765053      178
0537194724820      210
0539193062495       33
0540193537239      180
0542194550367      201
0547196386827      359
0601196139723      472
0602190867489      310
0602199686224      266
0603195132275      267
0603199434202       27
0605195730524      152
0607197549402      343
0611193775181      248
0611194134226       11
0617197407631      331
0619191326519      131
0619191655777      497
0624193536387      291
0625195434363      322
0626192504787      382
0627190567713      303
0627191468647        8
0629190422689       25
0631192851220      364
0634190147375      378
0635191391868      324
0636197219511      202
0643198700362      219
0646193779841      453
0647199643257      427
0648190997618      354
0648198297544      235
0649191958760      411
0649197295191      275
0702193422102       51
0704198557570      186
0706199628005      337
0708191254539      403
0710195479033      408
0711191413656      110
0711194536338      489
0712195130502       32
0712195921277      482
0713196697283      385
0713197059774      199
0714194046977      125
0715193895747      471
0717193430374      283
0721199474768      474
0724198837221      158
0725192125345      181
0731198907746      151
0737192420876      419
0738193598147      277
0741193972260      330
0743197167572      233
0746195693409      227
0748199017288      369
0750194176277      191
0750197583921       31
0802196741926      496
0805195205197      242
0807190609684      476
0808195947414      127
0810191296008      173
0811192079975      162
0811195192756       42
0811197682256      237
0814194334622      430
0817194308889      167
0818196648235      492
0821195100923      404
0821198160998       84
0824198514392      431
0825190219331       86
0827196721455      117
0829196444922      287
0831199454488      393
0833191189668      189
0833195026686      313
0833198828070      142
0836199179753      244
0838198230083      449
0840194595593      456
0840197196474       55
0842196368932      434
0843195658530       39
0847190548470       73
0848197503212      140
0849198440143      103
0850195313777      217
0902195241532       48
0903194962478       66
0905191809738      144
0905199796293       85
0906198695081      333
0908195546638      165
0910197184070       68
0911190212359       95
0912196175931      339
0914191314304      445
0914192231186      389
0921191795644      442
0921193926329      498
0921199395564       49
0922192414284       18
0922195389806      155
0923190429286      341
0923194373675      478
0925194060356      342
0926193779429      491
0926196039709      223
0928190419816      418
0928190423639      398
0928193386920      307
0930195168900      154
0931199085690      279
0932190183611      128
0936193909675      314
0944192827314       81
0946195079020      443
0949194764908      345
0949197674143      111
1003195961024      370
1004190956373       56
1005191501515      435
1006196136634       97
1007191748386      487
1007194903999      288
1008191917546       64
1010192683446      387
1011193826535       47
1012198975752      500
1015195498862       71
1017194913215      254
1019191269110      423
1020192292923      107
1020198447152      300
1027192907964      400
1028191826173      429
1031192847486      280
1032196902124      114
1033192961261      361
1036196520106       74
1037192515800      454
1040190859049      139
1040197434262      460
1044191420561      272
1044197142400      164
1045196190876      468
1047190026573        9
1047193934537       62
1049190132803      499
1049198953456      159
1101192450736      351
1102196941492      466
1105193742829      265
1107195505368      206
1108192738546      395
1110191809928      452
1110192285294      352
1111194910509      276
1115199287551      198
1116194972268        3
1117195113324       75
1118197675572      253
1119191046575      372
1119197671066      102
1120196015775      437
1120198590176      381
1121191105924      229
1121198194212       60
1123196746527      148
1124199110100      160
1126197379308      200
1129192186049      105
1129192764729      312
1131196304039      377
1133195690964       41
1136196761796      338
1137191866526      245
1137196719617      130
1139190772821      122
1139195761790      309
1141194324396      197
1146193566341      120
1147199339977      463
1150195847396        6
1202197721443      290
1203194452679      240
1206197786290      376
1208196604007      278
1211191856325      208
1215191015752      425
1216193316516      374
1216196183397      298
1225196001387       77
1225197609980      470
1227199338123        2
1229198890683      133
1233191172202       99
1234194417372       87
1236190494542      231
1237198375354      182
1237199321243       43
1238191593564      211
1240192220732       79
1244199097425      375
1247190077931      129
1247194119925      483
1249192738807       53
1250193396487      399
1304190579275      292
1305191179198       76
1306197060477      328
1307192814664       98
1307194004871      440
1309192215571       16
1309194704488       28
1310196942007      439
1311198242886       35
1311198291828       80
1312191998464       37
1314194978169      255
1320199200175      213
1324191860835       70
1327192266042       19
1328194185692       20
1333192633090      416
1333199415518      112
1335190256291      232
1335196654307      325
1336191678891      149
1337191897236       72
1338196778662      195
1340196418731      143
1340199459173      379
1343191492591      203
1345199279423       57
1347199452792      484
1350198951965      406
1402190930245       13
1403192765021      383
1406190684663      401
1406195653334      184
1407192360290      150
1413192338671      221
1415194608710      332
1419194859281      124
1420198293100      433
1423193152278      147
1424193784672      340
1424198013097      317
1427193849105      273
1427198879844      421
1428198411395       69
1431193364755      289
1432191427979       83
1433197873111       90
1435198515233      228
1438191056838      161
1438199242834       82
1439196627306      301
1440193545166      488
1443198743912      305
1444192824442      194
1444198167608      179
1445190115390      446
1445193474587      479
1447195572949      481
1449196805076      166
1501192555553      444
1501193109178      250
1501193890153      475
1502195182396      458
1502199266177      188
1507191046229       22
1508196308062      281
1510190943186      132
1510191390836      225
1510195527386        5
1511194177852      320
1511198561329      214
1513192584423      311
1514198973505      251
1515198355300      299
1519192809608      321
1519193482179      246
1526192982886      252
1526198784848      380
1529190758369      141
1529198859196      282
1533191102305       67
1533193779998      335
1534198841273       52
1535199339859       78
1538196965151      390
1538197720131      137
1543191350831       21
1549198062334      207
1550196256190       34
1602190676520      259
1602193203128      326
1605193380224      465
1605196300502      473
1605198017898      175
1606192659685       91
1607198843907      270
1609193502022      459
1612195897978      205
1618195016087       44
1621191849338      249
1624193364859      171
1624198941253      204
1626190436925       10
1626198808815      247
1627196719747      441
1629195755491      366
1630193370595       88
1631197252005      323
1631199148365      315
1633192818372      226
1633199188679      263
1635196015967      274
1641194073094      467
1642190313135      119
1642190555738       59
1644194092577       50
1648191341385      192
1650197251368      113
1702195037511      260
1703197488164      318
1703198295766      212
1706198742539      116
1707191413725      104
1708194895798      397
1709191820841       26
1711192648217       14
1714191682090      407
1715196516959      327
1717192403447      220
1718192417507        4
1721197425087      268
1723191370221      334
1723191786403       46
1723199368390      126
1731194244885       89
1731199389881       36
1734195764903      448
1736195337062      386
1738194221081      176
1738194283634      284
1739196383605      438
1740197911551      428
1743191981403      329
1743198554912      169
1744193536141      410
1744199356755      121
1746194894123      358
1748195014047      396
1801193423179      187
1805193156911      135
1806190477766      271
1806198226350      356
1807190046689      451
1809193853941      486
1812194635851       45
1812199549949      347
1813194731587      257
1814193919915       40
1818193566409      256
1820197061154      123
1821194251122      295
1821197525554       58
1822191576411      304
1824199466662      134
1826192980809      349
1827197092644      346
1829195329495       30
1830198015713        1
1831191842801      350
1831192353467      106
1834196543979      215
1836198195624      357
1837198290215      367
1840196459880      238
1842199613212      457
1843197714284      494
1845196656611      193
1845197940982      269
1847195068096      436
1848193967158      218
1849198371611      136
1850191035806      413
