20031527      124
20045935      244
20054544      316
20056872      321
20087941      367
20088109      456
20098067      442
20102029      318
20136568      421
20165327      256
20165579      472
20174830      142
20175677      298
20179148      309
20247016       66
20292463      345
20305746       89
20327350      233
20327464       60
20333295      235
20347653      424
20379334      389
20395309      336
20404657      224
20441419      325
20475720      218
20481926      165
20507893      184
20585128      247
20619931      453
20625283      390
20634717      155
20640680       74
20650482      127
20673669       29
20724563      292
20774217      370
20795229      183
20796926      211
20800401      255
20823322      188
20825445      279
20855241      144
20866107      358
20909809      219
20911108       15
20929356      377
20960132      313
21010898      462
21042872      259
21079441      341
21131098      426
21135095      445
21159725       77
21199822      157
21215752      145
21259873      170
21314456      285
21317684      333
21338323       35
21366407      189
21382479      302
21386716      408
21404067      475
21419466      433
21422511      161
21493386       30
21498012      171
21515812      379
21516289      323
21604681      371
21663393      471
21692636      230
21705352       83
21706875      355
21716299      198
21724547      226
21739737      304
21783547      150
21795560       25
21814592      382
21860374      484
21879332      199
21906622      265
21913011      103
21935984      360
22008716      173
22067819       58
22075349      320
22077915      191
22100130       84
22128018      403
22132978       71
22201485      297
22204191      374
22238729      121
22275406       19
22286807      414
22317347      129
22322278      394
22323346      268
22326359      107
22327491       24
22341930      366
22351866      497
22374601       93
22387816      312
22400648      119
22417456      206
22436813       23
22438070      404
22488530      330
22503499       57
22505354      342
22509049      310
22542939      146
22546282      141
22606688      105
22607288       44
22639133      288
22651417       40
22665456      203
22669687      405
22674615       21
22681940      250
22716289      282
22724679        5
22725326      314
22760569      441
22763805      263
22802762      168
22807928        3
22821284       17
22832613        1
22854387      398
22867679      205
22889920      448
22904176      478
22912221      344
22918328      311
22954503      237
22972019       26
23000208      357
23022017      139
23056475       28
23058487      397
23059324      356
23145181      283
23150186      347
23154373      269
23182435      350
23185781      375
23186967      140
23187024        9
23196994      109
23203025      457
23208675      273
23221948       85
23230017       47
23336068      308
23395281        2
23404767       65
23453033      196
23455860      378
23503980      476
23508042      182
23544817      178
23579422      303
23589185      136
23593069      222
23598452      489
23629324      275
23661815      384
23684813      381
23727452      383
23758100      440
23762040      231
23771002      470
23829450      276
23857107      338
23880381      101
23929133      185
23944179      485
23949401      281
23956978      143
23958328      351
23979341      240
23987998      249
24129624        6
24131858      326
24158766      334
24160999      368
24173511      495
24174254      460
24176739      329
24204956      131
24218310      361
24219988      307
24252690      220
24317608      393
24318518      177
24318920      254
24345769      479
24352165      236
24363019      262
24368723      266
24389443      241
24453135      278
24456085       48
24459095      100
24499030      117
24503126      158
24531110      395
24533635      137
24534474       42
24537966       64
24552010      494
24556646      492
24585036      271
24593442      225
24601502      410
24605995      477
24621290      243
24629062      272
24632398      396
24644646       79
24663343      138
24753638      299
24812202      432
24814923      208
24832735       49
24865328       43
24889370      245
24959733      402
24960205      483
24974167      413
24980405       98
24981850      406
24983795      151
25006099      290
25031891      444
25038955      202
25072765       20
25075138       31
25098606      175
25110206      417
25116353      248
25139523      354
25141154      436
25154207      213
25160578      252
25193808      454
25196586      180
25213959      415
25214368      468
25236407      490
25253675       50
25304055      190
25307592      324
25307902      228
25316575      451
25354348      214
25372676      194
25412600      179
25448472      386
25449737      113
25470329      319
25484396      284
25486076      132
25527788       81
25544181       96
25559846       62
25569365      162
25580706      294
25613110      232
25613894      261
25620803       54
25643708      431
25657244        4
25657787      315
25675140      116
25693831       41
25716472      343
25722345      108
25726786      317
25743365      363
25753708       14
25760166      461
25767840      416
25770203      399
25773616      500
25793316      332
25819047      125
25828898      401
25889228      437
25892470      201
25902311      455
25925633      187
25955022      260
25983090      335
25995910      291
26007046      300
26012520      181
26027168      110
26034879      380
26038609       37
26045563      427
26055286       82
26067930      130
26114522      163
26124842       59
26179689      337
26230815      207
26317824      289
26324870      156
26341650      277
26363866      352
26393822      328
26403580       94
26411072      104
26422592      487
26422959       46
26430274      400
26447183      216
26448042      306
26482016       69
26494175      166
26498242      159
26506872       12
26512752      114
26516099      169
26531239      186
26546027      152
26554017      392
26555691       63
26602738      167
26667042      443
26672965      499
26705078       55
26714772      450
26723479      496
26723636      153
26738134      418
26745697      411
26780880       88
26785640      469
26817864      364
26825377      376
26846140       36
26848848      446
26903896      463
26907929      331
26924295      429
26951814      435
26973798       45
26982412      293
26991906      459
27001619      133
27119929      452
27131532      301
27136877      373
27195668      353
27263523       51
27288318      227
27308006       87
27320323      154
27323792       52
27337729      246
27357882      239
27373007      112
27374056       73
27381677       97
27389177      362
27394071      420
27414922      365
27416960      491
27441503      372
27501633      348
27528064      423
27573629      217
27653226      200
27668131      197
27680403      192
27686241      391
27707031      322
27707696      215
27744625      465
27793299       16
27810767      147
27811506      229
27812643      280
27842738      385
27850100      407
27874388      118
27923310      464
27934458       56
27965362       90
27975070      295
27990106      149
28033172       10
28035582       68
28119142      466
28127792       22
28138656       91
28213801      493
28221321      253
28226188      115
28241430      195
28241768      346
28241855       34
28262089        7
28284551       86
28303561       32
28361451       13
28361912       39
28379625      425
28398606      340
28409126      359
28460711      128
28478947      428
28539341      238
28541222      388
28546091       67
28553329       18
28561755      349
28570335      148
28582494      234
28648089       38
28698395      251
28717140      434
28740287       70
28829290       80
28867586      438
28882656      498
28892044       75
28903858      264
28960286      111
28969777      164
28988422      257
29005823      481
29031118      209
29039872       78
29075201      135
29091850      409
29092401      210
29110219      223
29117760      204
29140160       76
29143570       27
29155515      270
29173579      412
29177459       11
29190062      488
29252145      474
29267024      447
29274842        8
29276061      120
29294018      480
29298902      176
29320655      449
29343066       61
29352734      174
29371265       33
29377175      473
29402555      430
29470129      242
29484308      482
29485569      439
29507473      122
29528623      467
29536472      212
29546750      419
29547805       95
29549153      369
29551414      267
29552038      193
29580837      274
29636064      258
29636629      339
29645382      387
29647327       92
29683596      102
29714516      172
29745695      422
29757430      221
29773515       53
29786879      458
29787747      134
29808053       72
29815151      160
29822430      327
29829765      296
29832264      123
29858110      305
29871500      286
29895160      287
29920526      106
29940324      486
29971470      126
29988628       99
